<?xml version="1.0"?>
<opencv_storage>
<R type_id="opencv-matrix">
  <rows>3</rows>
  <cols>3</cols>
  <dt>d</dt>
  <data>
    5.1058883396284149e-01 2.5135935133934922e-01
    -8.2226365548206448e-01 -1.9625546151605117e-01
    9.6514041416987095e-01 1.7316978593603372e-01 8.3712773007324726e-01
    7.2955174115833521e-02 5.4212056418488763e-01</data></R>
<tvec type_id="opencv-matrix">
  <rows>3</rows>
  <cols>1</cols>
  <dt>d</dt>
  <data>
    6.6229862851526422e-01 -4.9164131160028615e-02
    3.1697513022866874e-01</data></tvec>
</opencv_storage>
