<?xml version="1.0"?>
<opencv_storage>
<R type_id="opencv-matrix">
  <rows>3</rows>
  <cols>3</cols>
  <dt>d</dt>
  <data>
    7.0515104412937035e-01 -1.9534854432901507e-02
    -7.0878797564966067e-01 -7.2780834824525645e-02
    9.9234641993566153e-01 -9.9757370269673615e-02
    7.0531195583621287e-01 1.2193019438662843e-01 6.9833235114187220e-01</data></R>
<tvec type_id="opencv-matrix">
  <rows>3</rows>
  <cols>1</cols>
  <dt>d</dt>
  <data>
    5.4210940817662623e-01 -2.7561983667698575e-02
    7.5336813767791916e-02</data></tvec>
</opencv_storage>
